0 0 0 0 0 0 0 0 0 0 0 0 0 0 0 0 0 0 0 0 0 0 0 0 0 0 0 0 0 0 0 0 0 0 0 0 0 0 0 0 0 0 0 0 0 0 0 0 0 0 0 0 0 0 0 0 0 0 0 0 0 0 0 0 0 0 0 0 0 0 0 0 0 0 0 0 0 0 0 0 0 0 0 0 0 0 0 0 0 0 0 0 0 0 0 0 0 0 0 0 
1 0.966153 0.932402 0.896062 0.856804 0.814086 0.770402 0 0 0 0 0 0 0 0 0 0 0 0 0 0 0 0 0 0 0 0 0 0 0 0 0 0 0 0 0 0 0 0 0 0 0 0 0 0 0 0 0 0 0 0 0 0 0 0 0 0 0 0 0 0 0 0 0 0 0 0 0 0 0 0 0 0 0 0 0 0 0 0 0 0 0 0 0 0 0 0 0 0 0 0 0 0 0 0 0 0 0 0 0 
1.41421 1.38844 1.36272 1.33593 1.30804 1.27895 1.24857 1.2168 1.18354 1.14869 1.11218 1.07391 1.03455 0 0 0 0 0 0 0 0 0 0 0 0 0 0 0 0 0 0 0 0 0 0 0 0 0 0 0 0 0 0 0 0 0 0 0 0 0 0 0 0 0 0 0 0 0 0 0 0 0 0 0 0 0 0 0 0 0 0 0 0 0 0 0 0 0 0 0 0 0 0 0 0 0 0 0 0 0 0 0 0 0 0 0 0 0 0 0 
1.73205 1.71 1.68797 1.66531 1.64202 1.61806 1.59342 1.56807 1.54198 1.51515 1.48756 1.45919 1.43005 1.40011 1.36939 1.33788 1.3056 1.27253 1.23888 0 0 0 0 0 0 0 0 0 0 0 0 0 0 0 0 0 0 0 0 0 0 0 0 0 0 0 0 0 0 0 0 0 0 0 0 0 0 0 0 0 0 0 0 0 0 0 0 0 0 0 0 0 0 0 0 0 0 0 0 0 0 0 0 0 0 0 0 0 0 0 0 0 0 0 0 0 0 0 0 0 
2 1.98027 1.96056 1.94042 1.91984 1.89882 1.87735 1.85542 1.83302 1.81015 1.78681 1.76299 1.73869 1.71391 1.68866 1.66292 1.63672 1.61006 1.58293 1.55535 1.52734 1.49889 1.47003 1.44076 1.41111 0 0 0 0 0 0 0 0 0 0 0 0 0 0 0 0 0 0 0 0 0 0 0 0 0 0 0 0 0 0 0 0 0 0 0 0 0 0 0 0 0 0 0 0 0 0 0 0 0 0 0 0 0 0 0 0 0 0 0 0 0 0 0 0 0 0 0 0 0 0 0 0 0 0 0 
2.23607 2.218 2.19994 2.18156 2.16287 2.14384 2.12449 2.10481 2.08479 2.06443 2.04374 2.02271 2.00134 1.97964 1.9576 1.93523 1.91253 1.8895 1.86615 1.84248 1.8185 1.79422 1.76963 1.74475 1.71958 1.69413 1.66842 1.64245 1.61623 1.58977 1.56305 0 0 0 0 0 0 0 0 0 0 0 0 0 0 0 0 0 0 0 0 0 0 0 0 0 0 0 0 0 0 0 0 0 0 0 0 0 0 0 0 0 0 0 0 0 0 0 0 0 0 0 0 0 0 0 0 0 0 0 0 0 0 0 0 0 0 0 0 0 
2.44949 2.43269 2.41591 2.39887 2.38158 2.36404 2.34624 2.32819 2.30989 2.29132 2.2725 2.25342 2.23408 2.21449 2.19465 2.17455 2.15421 2.13362 2.11278 2.0917 2.07039 2.04884 2.02705 2.00505 1.98282 1.96037 1.93771 1.91484 1.89177 1.8685 1.84504 1.82141 1.79759 1.77362 1.74948 1.72519 1.7007 0 0 0 0 0 0 0 0 0 0 0 0 0 0 0 0 0 0 0 0 0 0 0 0 0 0 0 0 0 0 0 0 0 0 0 0 0 0 0 0 0 0 0 0 0 0 0 0 0 0 0 0 0 0 0 0 0 0 0 0 0 0 0 
2.64575 2.62998 2.61421 2.59824 2.58206 2.56569 2.5491 2.53231 2.51532 2.49812 2.48071 2.4631 2.44529 2.42727 2.40906 2.39064 2.37202 2.35321 2.3342 2.315 2.29561 2.27603 2.25627 2.23633 2.2162 2.1959 2.17543 2.15479 2.13398 2.11301 2.09188 2.07059 2.04916 2.02758 2.00586 1.984 1.96201 1.93989 1.91765 1.8953 1.87284 1.85028 1.82756 0 0 0 0 0 0 0 0 0 0 0 0 0 0 0 0 0 0 0 0 0 0 0 0 0 0 0 0 0 0 0 0 0 0 0 0 0 0 0 0 0 0 0 0 0 0 0 0 0 0 0 0 0 0 0 0 0 
2.82843 2.8135 2.79857 2.78348 2.76822 2.75279 2.73718 2.72141 2.70547 2.68936 2.67308 2.65663 2.64001 2.62323 2.60628 2.58916 2.57189 2.55445 2.53685 2.51909 2.50118 2.48311 2.46489 2.44652 2.428 2.40933 2.39052 2.37157 2.35248 2.33325 2.31389 2.2944 2.27478 2.25503 2.23516 2.21516 2.19505 2.17483 2.1545 2.13406 2.11351 2.09287 2.07213 2.0513 2.03039 2.00939 1.98831 1.96717 1.94589 0 0 0 0 0 0 0 0 0 0 0 0 0 0 0 0 0 0 0 0 0 0 0 0 0 0 0 0 0 0 0 0 0 0 0 0 0 0 0 0 0 0 0 0 0 0 0 0 0 0 0 
3 2.98579 2.97158 2.95722 2.94273 2.92809 2.9133 2.89837 2.8833 2.86808 2.85273 2.83722 2.82158 2.8058 2.78988 2.77381 2.75762 2.74128 2.72481 2.70821 2.69147 2.67461 2.65761 2.64049 2.62325 2.60587 2.58838 2.57076 2.55303 2.53518 2.51722 2.49914 2.48095 2.46265 2.44424 2.42573 2.40712 2.3884 2.36959 2.35068 2.33167 2.31258 2.29339 2.27412 2.25477 2.23533 2.21582 2.19623 2.17657 2.15684 2.13705 2.1172 2.09729 2.07732 2.05725 0 0 0 0 0 0 0 0 0 0 0 0 0 0 0 0 0 0 0 0 0 0 0 0 0 0 0 0 0 0 0 0 0 0 0 0 0 0 0 0 0 0 0 0 0 
3.16228 3.14868 3.13509 3.12137 3.10753 3.09356 3.07947 3.06526 3.05092 3.03646 3.02188 3.00717 2.99234 2.97739 2.96233 2.94714 2.93183 2.91641 2.90087 2.88522 2.86945 2.85358 2.83759 2.82149 2.80528 2.78896 2.77254 2.75602 2.73939 2.72266 2.70584 2.68891 2.67188 2.65476 2.63755 2.62024 2.60285 2.58536 2.56779 2.55013 2.53238 2.51456 2.49665 2.47866 2.4606 2.44246 2.42425 2.40596 2.38761 2.36919 2.3507 2.33215 2.31354 2.29488 2.27615 2.25738 2.23856 2.21968 2.20077 2.18181 2.16277 0 0 0 0 0 0 0 0 0 0 0 0 0 0 0 0 0 0 0 0 0 0 0 0 0 0 0 0 0 0 0 0 0 0 0 0 0 0 0 
3.31662 3.30357 3.29051 3.27735 3.26408 3.2507 3.23721 3.22361 3.20991 3.19609 3.18217 3.16815 3.15401 3.13977 3.12543 3.11098 3.09644 3.08178 3.06703 3.05218 3.03723 3.02218 3.00703 2.99179 2.97645 2.96102 2.9455 2.92988 2.91418 2.89839 2.8825 2.86654 2.85048 2.83434 2.81812 2.80182 2.78544 2.76897 2.75243 2.73582 2.71912 2.70235 2.68551 2.6686 2.65162 2.63457 2.61745 2.60026 2.58301 2.5657 2.54832 2.53088 2.51339 2.49584 2.47823 2.46057 2.44286 2.4251 2.40729 2.38943 2.37153 2.35359 2.33561 2.31759 2.29954 2.28145 2.26329 0 0 0 0 0 0 0 0 0 0 0 0 0 0 0 0 0 0 0 0 0 0 0 0 0 0 0 0 0 0 0 0 0 
3.4641 3.45152 3.43895 3.42627 3.4135 3.40064 3.38767 3.37461 3.36146 3.34821 3.33487 3.32143 3.3079 3.29427 3.28056 3.26675 3.25285 3.23886 3.22479 3.21062 3.19637 3.18203 3.1676 3.15309 3.13849 3.12382 3.10906 3.09422 3.0793 3.0643 3.04922 3.03407 3.01884 3.00353 2.98815 2.9727 2.95717 2.94158 2.92591 2.91018 2.89437 2.8785 2.86257 2.84657 2.8305 2.81438 2.79819 2.78194 2.76563 2.74926 2.73283 2.71635 2.69981 2.68322 2.66658 2.64988 2.63313 2.61634 2.59949 2.5826 2.56567 2.54869 2.53167 2.51461 2.49751 2.48037 2.4632 2.44599 2.42875 2.41148 2.39419 2.37687 2.35948 0 0 0 0 0 0 0 0 0 0 0 0 0 0 0 0 0 0 0 0 0 0 0 0 0 0 0 
3.60555 3.5934 3.58125 3.56901 3.55669 3.54428 3.53178 3.5192 3.50653 3.49378 3.48095 3.46803 3.45502 3.44194 3.42877 3.41552 3.40219 3.38878 3.37529 3.36172 3.34807 3.33435 3.32055 3.30667 3.29272 3.27869 3.26459 3.25042 3.23618 3.22186 3.20748 3.19303 3.17851 3.16392 3.14926 3.13454 3.11976 3.10491 3.08999 3.07502 3.05998 3.04489 3.02973 3.01451 2.99924 2.98391 2.96852 2.95307 2.93757 2.92202 2.90642 2.89076 2.87505 2.85929 2.84348 2.82762 2.81172 2.79576 2.77976 2.76372 2.74763 2.7315 2.71533 2.69912 2.68287 2.66658 2.65025 2.63388 2.61748 2.60105 2.58459 2.56809 2.55157 2.53502 2.51844 2.50184 2.48521 2.46856 2.45186 0 0 0 0 0 0 0 0 0 0 0 0 0 0 0 0 0 0 0 0 0 
3.74166 3.72989 3.71812 3.70628 3.69435 3.68235 3.67028 3.65812 3.64589 3.63358 3.6212 3.60874 3.5962 3.5836 3.57091 3.55816 3.54533 3.53243 3.51945 3.50641 3.49329 3.48011 3.46686 3.45354 3.44015 3.4267 3.41317 3.39959 3.38594 3.37222 3.35844 3.3446 3.3307 3.31674 3.30272 3.28863 3.27449 3.26029 3.24603 3.23172 3.21735 3.20293 3.18845 3.17391 3.15933 3.14469 3.13 3.11526 3.10047 3.08562 3.07073 3.0558 3.04081 3.02578 3.0107 2.99557 2.9804 2.96519 2.94993 2.93463 2.91929 2.90391 2.88849 2.87303 2.85753 2.84199 2.82641 2.8108 2.79516 2.77948 2.76376 2.74802 2.73224 2.71643 2.7006 2.68473 2.66884 2.65292 2.63698 2.62101 2.60503 2.58902 2.57299 2.55695 2.54085 0 0 0 0 0 0 0 0 0 0 0 0 0 0 0 
3.87298 3.86156 3.85014 3.83865 3.82709 3.81546 3.80376 3.79199 3.78015 3.76824 3.75626 3.74422 3.7321 3.71992 3.70767 3.69536 3.68297 3.67053 3.65801 3.64544 3.6328 3.62009 3.60733 3.5945 3.58161 3.56866 3.55565 3.54258 3.52946 3.51627 3.50303 3.48973 3.47637 3.46296 3.4495 3.43598 3.4224 3.40877 3.39509 3.38136 3.36758 3.35375 3.33987 3.32593 3.31195 3.29792 3.28385 3.26972 3.25555 3.24134 3.22708 3.21277 3.19842 3.18403 3.1696 3.15512 3.1406 3.12604 3.11144 3.0968 3.08212 3.0674 3.05264 3.03784 3.02301 3.00815 2.99324 2.9783 2.96333 2.94832 2.93328 2.91821 2.90311 2.88798 2.87281 2.85762 2.8424 2.82715 2.81187 2.79657 2.78125 2.7659 2.75052 2.73513 2.71971 2.70428 2.68882 2.67335 2.65786 2.64236 2.62681 0 0 0 0 0 0 0 0 0 
4 3.9889 3.9778 3.96663 3.9554 3.94411 3.93275 3.92133 3.90984 3.89829 3.88668 3.87501 3.86327 3.85147 3.83961 3.82769 3.81571 3.80368 3.79158 3.77942 3.7672 3.75493 3.7426 3.73021 3.71777 3.70527 3.69272 3.68012 3.66745 3.65474 3.64198 3.62916 3.61629 3.60337 3.5904 3.57738 3.56431 3.55119 3.53802 3.52481 3.51155 3.49824 3.48489 3.47149 3.45805 3.44456 3.43103 3.41745 3.40384 3.39018 3.37648 3.36273 3.34895 3.33513 3.32126 3.30736 3.29342 3.27944 3.26542 3.25136 3.23727 3.22314 3.20898 3.19478 3.18054 3.16627 3.15197 3.13763 3.12326 3.10886 3.09443 3.07996 3.06547 3.05094 3.03639 3.0218 3.00719 2.99255 2.97788 2.96319 2.94847 2.93372 2.91895 2.90416 2.88934 2.8745 2.85964 2.84476 2.82986 2.81494 2.80001 2.78505 2.77008 2.7551 2.7401 2.72508 2.71003 0 0 0 
4.12311 4.10868 4.09425 4.07972 4.06509 4.05036 4.03551 4.02056 4.0055 3.99033 3.97504 3.95963 3.9441 3.92845 3.91267 3.89676 3.88073 3.86455 3.84824 3.83179 3.8152 3.79846 3.78156 3.76451 3.74731 3.72994 3.7124 3.69469 3.6768 3.65874 3.64049 3.62205 3.60341 3.58457 3.56552 3.54626 3.52678 3.50708 3.48714 3.46696 3.44654 3.42586 3.40492 3.3837 3.36221 3.34042 3.31834 3.29595 3.27324 3.2502 3.22681 3.20308 3.17897 3.15449 3.12961 3.10432 3.0786 3.05244 3.02583 2.99873 2.97114 2.94302 2.91437 2.88515 2.85534 2.8249 2.79382 2.76206 2.72958 2.69635 2.66233 2.62747 2.59172 2.55504 2.51736 2.47861 2.43873 2.39764 2.35524 2.31143 2.2661 2.21912 2.17033 2.11955 2.06658 2.01117 1.95302 1.89176 1.82696 1.75805 1.68429 1.60474 1.51806 1.42237 1.31482 1.19077 1.04183 0.850311 0.56866 0 
4.24264 4.22718 4.21172 4.19614 4.18045 4.16463 4.1487 4.13264 4.11646 4.10016 4.08372 4.06716 4.05046 4.03363 4.01666 3.99955 3.9823 3.96491 3.94737 3.92969 3.91185 3.89386 3.87571 3.85741 3.83894 3.8203 3.8015 3.78252 3.76337 3.74404 3.72452 3.70482 3.68493 3.66484 3.64455 3.62405 3.60334 3.58242 3.56127 3.53989 3.51829 3.49644 3.47434 3.45199 3.42938 3.40649 3.38333 3.35988 3.33613 3.31208 3.28771 3.26301 3.23797 3.21257 3.18681 3.16067 3.13413 3.10718 3.0798 3.05197 3.02368 2.99489 2.96559 2.93576 2.90536 2.87438 2.84276 2.8105 2.77754 2.74384 2.70937 2.67407 2.6379 2.60078 2.56267 2.52348 2.48314 2.44155 2.39862 2.35422 2.30823 2.26049 2.21083 2.15904 2.10488 2.04806 1.98824 1.925 1.85781 1.78602 1.70878 1.62498 1.5331 1.43098 1.31546 1.18148 1.02033 0.814877 0.52364 0 
4.3589 4.34298 4.32706 4.31102 4.29486 4.27858 4.26217 4.24564 4.22898 4.21218 4.19526 4.1782 4.161 4.14366 4.12619 4.10857 4.0908 4.07288 4.05482 4.0366 4.01822 3.99969 3.98099 3.96213 3.9431 3.9239 3.90452 3.88497 3.86523 3.84531 3.8252 3.8049 3.78439 3.76369 3.74278 3.72165 3.70031 3.67875 3.65696 3.63493 3.61266 3.59015 3.56738 3.54435 3.52105 3.49747 3.47361 3.44945 3.42499 3.40021 3.37511 3.34967 3.32389 3.29774 3.27122 3.24431 3.217 3.18927 3.1611 3.13247 3.10337 3.07378 3.04366 3.01299 2.98176 2.94993 2.91746 2.88433 2.85049 2.81592 2.78055 2.74436 2.70727 2.66924 2.63019 2.59006 2.54877 2.50621 2.4623 2.41691 2.36991 2.32114 2.27044 2.21758 2.16233 2.10439 2.04341 1.97897 1.91053 1.83742 1.75877 1.67343 1.57984 1.47578 1.35795 1.22111 1.05615 0.845125 0.544486 0 
4.47214 4.45586 4.43958 4.42319 4.40666 4.39002 4.37324 4.35634 4.33931 4.32214 4.30484 4.2874 4.26982 4.25209 4.23423 4.21621 4.19805 4.17974 4.16127 4.14264 4.12385 4.1049 4.08579 4.0665 4.04704 4.02741 4.0076 3.9876 3.96742 3.94704 3.92648 3.90571 3.88474 3.86355 3.84216 3.82055 3.79871 3.77665 3.75434 3.7318 3.70901 3.68596 3.66265 3.63908 3.61522 3.59108 3.56664 3.5419 3.51685 3.49147 3.46575 3.43969 3.41327 3.38648 3.35931 3.33173 3.30373 3.2753 3.24643 3.21708 3.18724 3.15689 3.126 3.09455 3.06251 3.02985 2.99654 2.96255 2.92783 2.89234 2.85605 2.8189 2.78083 2.74178 2.70169 2.66049 2.61808 2.57438 2.52928 2.48266 2.43438 2.38429 2.33219 2.27788 2.22111 2.16158 2.09892 2.03269 1.96235 1.8872 1.80636 1.71865 1.62246 1.51551 1.3944 1.25377 1.08428 0.867517 0.558808 0 
4.58258 4.56629 4.55 4.53359 4.51706 4.50041 4.48363 4.46673 4.4497 4.43254 4.41525 4.39782 4.38026 4.36256 4.34472 4.32674 4.30861 4.29033 4.27191 4.25333 4.23459 4.2157 4.19665 4.17743 4.15804 4.13849 4.11876 4.09886 4.07878 4.05851 4.03806 4.01741 3.99657 3.97553 3.95428 3.93282 3.91115 3.88926 3.86715 3.84481 3.82223 3.79941 3.77634 3.75301 3.72943 3.70557 3.68143 3.65701 3.6323 3.60728 3.58194 3.55629 3.5303 3.50396 3.47727 3.4502 3.42275 3.3949 3.36664 3.33794 3.3088 3.27919 3.2491 3.21849 3.18736 3.15566 3.12339 3.0905 3.05697 3.02276 2.98784 2.95216 2.91569 2.87837 2.84015 2.80097 2.76077 2.71948 2.67701 2.63328 2.58818 2.5416 2.49341 2.44346 2.39157 2.33755 2.28116 2.22211 2.16008 2.09465 2.02534 1.9515 1.87236 1.78689 1.6937 1.59092 1.47581 1.34428 1.18967 1 
4.69042 4.67415 4.65788 4.64149 4.62499 4.60837 4.59162 4.57476 4.55777 4.54065 4.52341 4.50603 4.48852 4.47088 4.4531 4.43519 4.41713 4.39893 4.38058 4.36208 4.34344 4.32464 4.30569 4.28658 4.2673 4.24786 4.22826 4.20848 4.18853 4.16841 4.1481 4.12761 4.10693 4.08606 4.06499 4.04372 4.02224 4.00056 3.97866 3.95654 3.93419 3.91161 3.8888 3.86574 3.84243 3.81887 3.79504 3.77094 3.74656 3.7219 3.69694 3.67167 3.64609 3.62018 3.59393 3.56734 3.54039 3.51307 3.48535 3.45724 3.42872 3.39976 3.37035 3.34047 3.3101 3.27922 3.24781 3.21584 3.18329 3.15012 3.11631 3.08182 3.04662 3.01066 2.97391 2.9363 2.89781 2.85835 2.81788 2.77632 2.7336 2.68961 2.64428 2.59748 2.54908 2.49895 2.44692 2.39279 2.33633 2.2773 2.21535 2.15013 2.08115 2.00784 1.92948 1.84512 1.75351 1.65297 1.54107 1.41421 
4.79583 4.77962 4.7634 4.74708 4.73064 4.71408 4.69741 4.68062 4.66371 4.64667 4.62951 4.61223 4.59481 4.57727 4.55959 4.54178 4.52384 4.50575 4.48753 4.46916 4.45065 4.43199 4.41318 4.39422 4.3751 4.35582 4.33638 4.31678 4.29701 4.27708 4.25696 4.23668 4.21621 4.19555 4.17471 4.15368 4.13245 4.11102 4.08938 4.06754 4.04548 4.0232 4.00069 3.97796 3.95498 3.93177 3.9083 3.88458 3.86059 3.83634 3.8118 3.78698 3.76187 3.73644 3.71071 3.68465 3.65825 3.63151 3.60441 3.57694 3.54908 3.52083 3.49216 3.46306 3.43351 3.4035 3.373 3.342 3.31047 3.27838 3.24571 3.21244 3.17853 3.14395 3.10866 3.07263 3.03581 2.99816 2.95963 2.92016 2.87969 2.83815 2.79547 2.75156 2.70633 2.65968 2.61148 2.56159 2.50987 2.45613 2.40016 2.34171 2.28049 2.21617 2.1483 2.07638 1.99976 1.91761 1.82885 1.73205 
4.89898 4.88285 4.86672 4.85048 4.83414 4.81768 4.8011 4.78442 4.76761 4.75069 4.73364 4.71648 4.69919 4.68178 4.66423 4.64656 4.62876 4.61083 4.59276 4.57455 4.5562 4.53771 4.51908 4.5003 4.48137 4.46228 4.44305 4.42366 4.4041 4.38439 4.3645 4.34445 4.32423 4.30383 4.28325 4.26249 4.24154 4.2204 4.19907 4.17753 4.15579 4.13385 4.11169 4.08931 4.06671 4.04387 4.02081 3.9975 3.97394 3.95013 3.92606 3.90172 3.8771 3.8522 3.827 3.8015 3.77569 3.74956 3.7231 3.69629 3.66913 3.6416 3.6137 3.58539 3.55668 3.52754 3.49796 3.46792 3.43741 3.40639 3.37485 3.34277 3.31012 3.27687 3.243 3.20846 3.17324 3.13729 3.10057 3.06304 3.02464 2.98534 2.94506 2.90374 2.86132 2.81772 2.77284 2.72658 2.67884 2.6295 2.57839 2.52537 2.47024 2.41277 2.35271 2.28974 2.2235 2.15352 2.07925 2 
5 4.98398 4.96795 4.95182 4.93559 4.91925 4.90279 4.88623 4.86955 4.85276 4.83586 4.81883 4.80169 4.78442 4.76704 4.74953 4.73189 4.71413 4.69623 4.6782 4.66004 4.64174 4.62331 4.60473 4.58601 4.56715 4.54814 4.52897 4.50966 4.49018 4.47055 4.45076 4.43081 4.41068 4.39039 4.36992 4.34927 4.32844 4.30743 4.28622 4.26483 4.24323 4.22144 4.19944 4.17722 4.15479 4.13214 4.10926 4.08615 4.0628 4.0392 4.01536 3.99125 3.96688 3.94223 3.91731 3.89209 3.86658 3.84075 3.81461 3.78815 3.76134 3.73419 3.70667 3.67878 3.6505 3.62181 3.59271 3.56318 3.53319 3.50274 3.47179 3.44033 3.40835 3.3758 3.34267 3.30893 3.27455 3.2395 3.20374 3.16723 3.12993 3.0918 3.05279 3.01283 2.97188 2.92987 2.88671 2.84234 2.79666 2.74956 2.70093 2.65065 2.59855 2.54447 2.48822 2.42955 2.36819 2.30383 2.23607 
5.09902 5.08312 5.06721 5.05121 5.0351 5.01888 5.00256 4.98614 4.96961 4.95296 4.93621 4.91934 4.90235 4.88525 4.86804 4.8507 4.83324 4.81566 4.79795 4.78012 4.76216 4.74407 4.72584 4.70748 4.68899 4.67035 4.65157 4.63265 4.61358 4.59437 4.575 4.55548 4.5358 4.51596 4.49596 4.4758 4.45546 4.43495 4.41427 4.39341 4.37236 4.35113 4.32971 4.30809 4.28627 4.26425 4.24201 4.21957 4.1969 4.17402 4.1509 4.12754 4.10395 4.0801 4.056 4.03164 4.00701 3.9821 3.95691 3.93142 3.90563 3.87953 3.85311 3.82635 3.79925 3.77179 3.74397 3.71576 3.68716 3.65815 3.62872 3.59885 3.56851 3.5377 3.50639 3.47456 3.44218 3.40924 3.37571 3.34155 3.30674 3.27125 3.23503 3.19804 3.16026 3.12162 3.08208 3.04159 3.00007 2.95747 2.91371 2.86869 2.82234 2.77455 2.72519 2.67413 2.62123 2.56629 2.50912 2.44949 
5.19615 5.18038 5.1646 5.14873 5.13275 5.11668 5.10051 5.08423 5.06784 5.05136 5.03476 5.01805 5.00124 4.98431 4.96727 4.95012 4.93284 4.91545 4.89795 4.88031 4.86256 4.84468 4.82667 4.80854 4.79027 4.77187 4.75333 4.73466 4.71585 4.69689 4.67779 4.65855 4.63915 4.6196 4.5999 4.58004 4.56002 4.53984 4.51949 4.49896 4.47827 4.4574 4.43635 4.41511 4.39368 4.37207 4.35025 4.32823 4.30601 4.28358 4.26093 4.23806 4.21497 4.19164 4.16807 4.14426 4.1202 4.09588 4.07129 4.04643 4.0213 3.99587 3.97015 3.94412 3.91777 3.8911 3.86409 3.83673 3.80901 3.78092 3.75244 3.72357 3.69427 3.66455 3.63438 3.60374 3.57262 3.54099 3.50884 3.47613 3.44285 3.40897 3.37445 3.33927 3.30339 3.26678 3.22939 3.19119 3.15212 3.11214 3.07118 3.02919 2.98609 2.94181 2.89626 2.84936 2.80098 2.75101 2.69932 2.64575 
5.2915 5.27586 5.26022 5.24448 5.22865 5.21273 5.1967 5.18057 5.16435 5.14802 5.13159 5.11505 5.09841 5.08166 5.0648 5.04783 5.03075 5.01355 4.99624 4.97882 4.96127 4.94361 4.92582 4.90791 4.88988 4.87171 4.85342 4.835 4.81644 4.79775 4.77892 4.75995 4.74084 4.72158 4.70217 4.68262 4.66291 4.64305 4.62302 4.60284 4.58249 4.56198 4.54129 4.52043 4.49939 4.47817 4.45676 4.43517 4.41337 4.39139 4.36919 4.3468 4.32418 4.30136 4.2783 4.25502 4.23151 4.20775 4.18375 4.1595 4.13498 4.1102 4.08514 4.0598 4.03417 4.00824 3.98199 3.95543 3.92854 3.90131 3.87372 3.84577 3.81745 3.78873 3.75961 3.73007 3.70009 3.66966 3.63876 3.60736 3.57546 3.54302 3.51003 3.47645 3.44226 3.40743 3.37192 3.33571 3.29876 3.26103 3.22246 3.18303 3.14266 3.10131 3.0589 3.01538 2.97067 2.92467 2.87729 2.82843 
5.38516 5.36966 5.35416 5.33856 5.32288 5.3071 5.29122 5.27525 5.25919 5.24302 5.22676 5.21039 5.19392 5.17735 5.16068 5.1439 5.12701 5.11001 5.0929 5.07568 5.05835 5.0409 5.02333 5.00565 4.98784 4.96992 4.95187 4.93369 4.91539 4.89696 4.87839 4.85969 4.84086 4.82189 4.80278 4.78352 4.76412 4.74457 4.72487 4.70502 4.68501 4.66485 4.64452 4.62402 4.60336 4.58252 4.56151 4.54032 4.51895 4.49739 4.47564 4.4537 4.43155 4.40921 4.38665 4.36388 4.34089 4.31767 4.29423 4.27055 4.24662 4.22245 4.19803 4.17334 4.14838 4.12314 4.09762 4.0718 4.04568 4.01925 3.99249 3.96541 3.93798 3.91019 3.88203 3.8535 3.82457 3.79523 3.76547 3.73527 3.70461 3.67347 3.64184 3.60969 3.577 3.54374 3.5099 3.47544 3.44034 3.40455 3.36805 3.3308 3.29276 3.25388 3.21412 3.17342 3.13173 3.08897 3.04509 3 
