0 0 0 0 0 0 0 0 0 0 0 0 0 0 0 0 0 0 0 0 0 0 0 0 0 0 0 0 0 0 0 0 0 0 0 0 0 0 0 0 0 0 0 0 0 0 0 0 0 0 0 0 0 0 0 0 0 0 0 0 0 0 0 0 0 0 0 0 0 0 0 0 0 0 0 0 0 0 0 0 0 0 0 0 0 0 0 0 0 0 0 0 0 0 0 0 0 0 0 0 
1 0 0 0 0 0 0 0 0 0 0 0 0 0 0 0 0 0 0 0 0 0 0 0 0 0 0 0 0 0 0 0 0 0 0 0 0 0 0 0 0 0 0 0 0 0 0 0 0 0 0 0 0 0 0 0 0 0 0 0 0 0 0 0 0 0 0 0 0 0 0 0 0 0 0 0 0 0 0 0 0 0 0 0 0 0 0 0 0 0 0 0 0 0 0 0 0 0 0 0 
1.41421 1.31132 1.26089 0 0 0 0 0 0 0 0 0 0 0 0 0 0 0 0 0 0 0 0 0 0 0 0 0 0 0 0 0 0 0 0 0 0 0 0 0 0 0 0 0 0 0 0 0 0 0 0 0 0 0 0 0 0 0 0 0 0 0 0 0 0 0 0 0 0 0 0 0 0 0 0 0 0 0 0 0 0 0 0 0 0 0 0 0 0 0 0 0 0 0 0 0 0 0 0 0 
1.73205 1.68953 1.65108 1.61257 1.573 0 0 0 0 0 0 0 0 0 0 0 0 0 0 0 0 0 0 0 0 0 0 0 0 0 0 0 0 0 0 0 0 0 0 0 0 0 0 0 0 0 0 0 0 0 0 0 0 0 0 0 0 0 0 0 0 0 0 0 0 0 0 0 0 0 0 0 0 0 0 0 0 0 0 0 0 0 0 0 0 0 0 0 0 0 0 0 0 0 0 0 0 0 0 0 
2 1.96705 1.936 1.90547 1.87568 1.8468 1.81742 0 0 0 0 0 0 0 0 0 0 0 0 0 0 0 0 0 0 0 0 0 0 0 0 0 0 0 0 0 0 0 0 0 0 0 0 0 0 0 0 0 0 0 0 0 0 0 0 0 0 0 0 0 0 0 0 0 0 0 0 0 0 0 0 0 0 0 0 0 0 0 0 0 0 0 0 0 0 0 0 0 0 0 0 0 0 0 0 0 0 0 0 0 
2.23607 2.2077 2.18056 2.15381 2.12754 2.10183 2.07677 2.05246 2.0279 0 0 0 0 0 0 0 0 0 0 0 0 0 0 0 0 0 0 0 0 0 0 0 0 0 0 0 0 0 0 0 0 0 0 0 0 0 0 0 0 0 0 0 0 0 0 0 0 0 0 0 0 0 0 0 0 0 0 0 0 0 0 0 0 0 0 0 0 0 0 0 0 0 0 0 0 0 0 0 0 0 0 0 0 0 0 0 0 0 0 0 
2.44949 2.42415 2.39968 2.3755 2.35166 2.3282 2.30518 2.28264 2.26064 2.23922 2.21765 0 0 0 0 0 0 0 0 0 0 0 0 0 0 0 0 0 0 0 0 0 0 0 0 0 0 0 0 0 0 0 0 0 0 0 0 0 0 0 0 0 0 0 0 0 0 0 0 0 0 0 0 0 0 0 0 0 0 0 0 0 0 0 0 0 0 0 0 0 0 0 0 0 0 0 0 0 0 0 0 0 0 0 0 0 0 0 0 0 
2.64575 2.62262 2.60016 2.57792 2.55593 2.53423 2.51284 2.49179 2.47112 2.45085 2.43103 2.41168 2.39223 0 0 0 0 0 0 0 0 0 0 0 0 0 0 0 0 0 0 0 0 0 0 0 0 0 0 0 0 0 0 0 0 0 0 0 0 0 0 0 0 0 0 0 0 0 0 0 0 0 0 0 0 0 0 0 0 0 0 0 0 0 0 0 0 0 0 0 0 0 0 0 0 0 0 0 0 0 0 0 0 0 0 0 0 0 0 0 
2.82843 2.80701 2.78613 2.76542 2.74492 2.72463 2.70458 2.68479 2.66528 2.64607 2.62719 2.60865 2.59048 2.57271 2.55485 0 0 0 0 0 0 0 0 0 0 0 0 0 0 0 0 0 0 0 0 0 0 0 0 0 0 0 0 0 0 0 0 0 0 0 0 0 0 0 0 0 0 0 0 0 0 0 0 0 0 0 0 0 0 0 0 0 0 0 0 0 0 0 0 0 0 0 0 0 0 0 0 0 0 0 0 0 0 0 0 0 0 0 0 0 
3 2.97997 2.96037 2.94092 2.92163 2.90252 2.88359 2.86487 2.84637 2.82811 2.81009 2.79233 2.77486 2.75769 2.74083 2.7243 2.70771 0 0 0 0 0 0 0 0 0 0 0 0 0 0 0 0 0 0 0 0 0 0 0 0 0 0 0 0 0 0 0 0 0 0 0 0 0 0 0 0 0 0 0 0 0 0 0 0 0 0 0 0 0 0 0 0 0 0 0 0 0 0 0 0 0 0 0 0 0 0 0 0 0 0 0 0 0 0 0 0 0 0 0 
3.16228 3.14339 3.12486 3.10646 3.0882 3.07008 3.05211 3.03432 3.01669 2.99926 2.98202 2.965 2.9482 2.93163 2.9153 2.89924 2.88345 2.86794 2.85238 0 0 0 0 0 0 0 0 0 0 0 0 0 0 0 0 0 0 0 0 0 0 0 0 0 0 0 0 0 0 0 0 0 0 0 0 0 0 0 0 0 0 0 0 0 0 0 0 0 0 0 0 0 0 0 0 0 0 0 0 0 0 0 0 0 0 0 0 0 0 0 0 0 0 0 0 0 0 0 0 0 
3.31662 3.2987 3.28109 3.26359 3.2462 3.22893 3.2118 3.1948 3.17795 3.16126 3.14472 3.12836 3.11218 3.09619 3.0804 3.06481 3.04945 3.03431 3.0194 3.00475 2.99005 0 0 0 0 0 0 0 0 0 0 0 0 0 0 0 0 0 0 0 0 0 0 0 0 0 0 0 0 0 0 0 0 0 0 0 0 0 0 0 0 0 0 0 0 0 0 0 0 0 0 0 0 0 0 0 0 0 0 0 0 0 0 0 0 0 0 0 0 0 0 0 0 0 0 0 0 0 0 0 
3.4641 3.44701 3.43019 3.41346 3.39684 3.38032 3.36391 3.34761 3.33145 3.31541 3.29951 3.28375 3.26814 3.25269 3.2374 3.22229 3.20735 3.1926 3.17805 3.16369 3.14955 3.13562 3.12165 0 0 0 0 0 0 0 0 0 0 0 0 0 0 0 0 0 0 0 0 0 0 0 0 0 0 0 0 0 0 0 0 0 0 0 0 0 0 0 0 0 0 0 0 0 0 0 0 0 0 0 0 0 0 0 0 0 0 0 0 0 0 0 0 0 0 0 0 0 0 0 0 0 0 0 0 0 
3.60555 3.58919 3.57306 3.55701 3.54106 3.52519 3.50942 3.49376 3.4782 3.46275 3.44741 3.4322 3.41712 3.40217 3.38736 3.37269 3.35818 3.34381 3.32961 3.31558 3.30172 3.28805 3.27455 3.26126 3.24792 0 0 0 0 0 0 0 0 0 0 0 0 0 0 0 0 0 0 0 0 0 0 0 0 0 0 0 0 0 0 0 0 0 0 0 0 0 0 0 0 0 0 0 0 0 0 0 0 0 0 0 0 0 0 0 0 0 0 0 0 0 0 0 0 0 0 0 0 0 0 0 0 0 0 0 
3.74166 3.72593 3.71042 3.69498 3.67962 3.66434 3.64914 3.63403 3.61902 3.6041 3.58928 3.57457 3.55997 3.54548 3.53111 3.51687 3.50275 3.48876 3.47492 3.46121 3.44765 3.43425 3.421 3.40791 3.39499 3.38224 3.36947 0 0 0 0 0 0 0 0 0 0 0 0 0 0 0 0 0 0 0 0 0 0 0 0 0 0 0 0 0 0 0 0 0 0 0 0 0 0 0 0 0 0 0 0 0 0 0 0 0 0 0 0 0 0 0 0 0 0 0 0 0 0 0 0 0 0 0 0 0 0 0 0 0 
3.87298 3.85783 3.84286 3.82797 3.81314 3.79838 3.7837 3.76909 3.75457 3.74013 3.72579 3.71153 3.69737 3.68331 3.66935 3.6555 3.64176 3.62814 3.61463 3.60125 3.58799 3.57486 3.56187 3.54901 3.5363 3.52373 3.51132 3.49906 3.48677 0 0 0 0 0 0 0 0 0 0 0 0 0 0 0 0 0 0 0 0 0 0 0 0 0 0 0 0 0 0 0 0 0 0 0 0 0 0 0 0 0 0 0 0 0 0 0 0 0 0 0 0 0 0 0 0 0 0 0 0 0 0 0 0 0 0 0 0 0 0 0 
4 3.98536 3.97089 3.95648 3.94213 3.92784 3.91363 3.89948 3.88541 3.87141 3.85749 3.84365 3.8299 3.81624 3.80266 3.78918 3.7758 3.76251 3.74933 3.73625 3.72329 3.71044 3.6977 3.68509 3.67259 3.66023 3.64799 3.63589 3.62393 3.6121 3.60026 0 0 0 0 0 0 0 0 0 0 0 0 0 0 0 0 0 0 0 0 0 0 0 0 0 0 0 0 0 0 0 0 0 0 0 0 0 0 0 0 0 0 0 0 0 0 0 0 0 0 0 0 0 0 0 0 0 0 0 0 0 0 0 0 0 0 0 0 0 
4.12311 4.10893 4.09491 4.08094 4.06703 4.05317 4.03938 4.02565 4.01199 3.99839 3.98487 3.97142 3.95804 3.94474 3.93152 3.91838 3.90533 3.89237 3.8795 3.86672 3.85404 3.84145 3.82897 3.8166 3.80433 3.79217 3.78013 3.7682 3.7564 3.74471 3.73316 3.72173 3.71028 0 0 0 0 0 0 0 0 0 0 0 0 0 0 0 0 0 0 0 0 0 0 0 0 0 0 0 0 0 0 0 0 0 0 0 0 0 0 0 0 0 0 0 0 0 0 0 0 0 0 0 0 0 0 0 0 0 0 0 0 0 0 0 0 0 0 0 
4.24264 4.22889 4.21527 4.20171 4.1882 4.17474 4.16133 4.14799 4.1347 4.12148 4.10831 4.09522 4.08219 4.06923 4.05634 4.04352 4.03079 4.01813 4.00555 3.99305 3.98064 3.96832 3.95609 3.94395 3.93191 3.91996 3.90811 3.89637 3.88473 3.8732 3.86178 3.85048 3.83929 3.82821 3.81712 0 0 0 0 0 0 0 0 0 0 0 0 0 0 0 0 0 0 0 0 0 0 0 0 0 0 0 0 0 0 0 0 0 0 0 0 0 0 0 0 0 0 0 0 0 0 0 0 0 0 0 0 0 0 0 0 0 0 0 0 0 0 0 0 0 
4.3589 4.34553 4.33229 4.3191 4.30596 4.29286 4.27981 4.26682 4.25388 4.24099 4.22817 4.2154 4.20269 4.19005 4.17747 4.16496 4.15251 4.14014 4.12784 4.11561 4.10346 4.09139 4.0794 4.06749 4.05567 4.04393 4.03228 4.02073 4.00926 3.9979 3.98663 3.97546 3.96439 3.95343 3.94257 3.93182 3.92106 0 0 0 0 0 0 0 0 0 0 0 0 0 0 0 0 0 0 0 0 0 0 0 0 0 0 0 0 0 0 0 0 0 0 0 0 0 0 0 0 0 0 0 0 0 0 0 0 0 0 0 0 0 0 0 0 0 0 0 0 0 0 0 
4.47214 4.45912 4.44623 4.43338 4.42057 4.40781 4.3951 4.38243 4.36981 4.35724 4.34473 4.33227 4.31986 4.30751 4.29522 4.28299 4.27083 4.25872 4.24668 4.23471 4.22281 4.21098 4.19922 4.18753 4.17592 4.16439 4.15294 4.14157 4.13028 4.11908 4.10797 4.09694 4.08601 4.07517 4.06442 4.05377 4.04322 4.03277 4.02231 0 0 0 0 0 0 0 0 0 0 0 0 0 0 0 0 0 0 0 0 0 0 0 0 0 0 0 0 0 0 0 0 0 0 0 0 0 0 0 0 0 0 0 0 0 0 0 0 0 0 0 0 0 0 0 0 0 0 0 0 0 
4.58258 4.56989 4.55732 4.54479 4.53229 4.51984 4.50743 4.49507 4.48275 4.47048 4.45825 4.44608 4.43395 4.42188 4.40986 4.3979 4.38599 4.37414 4.36235 4.35062 4.33895 4.32735 4.31581 4.30434 4.29294 4.28161 4.27035 4.25916 4.24805 4.23702 4.22606 4.21518 4.20439 4.19368 4.18305 4.17251 4.16206 4.1517 4.14144 4.13126 4.12107 0 0 0 0 0 0 0 0 0 0 0 0 0 0 0 0 0 0 0 0 0 0 0 0 0 0 0 0 0 0 0 0 0 0 0 0 0 0 0 0 0 0 0 0 0 0 0 0 0 0 0 0 0 0 0 0 0 0 0 
4.69042 4.67804 4.66576 4.65352 4.64132 4.62916 4.61704 4.60495 4.59291 4.58092 4.56896 4.55706 4.54519 4.53338 4.52162 4.5099 4.49824 4.48663 4.47508 4.46358 4.45213 4.44075 4.42942 4.41816 4.40696 4.39582 4.38475 4.37374 4.3628 4.35193 4.34113 4.33041 4.31976 4.30918 4.29868 4.28826 4.27792 4.26766 4.25748 4.24739 4.23738 4.22746 4.21752 0 0 0 0 0 0 0 0 0 0 0 0 0 0 0 0 0 0 0 0 0 0 0 0 0 0 0 0 0 0 0 0 0 0 0 0 0 0 0 0 0 0 0 0 0 0 0 0 0 0 0 0 0 0 0 0 0 
4.79583 4.78374 4.77174 4.75978 4.74785 4.73595 4.7241 4.71228 4.7005 4.68876 4.67706 4.6654 4.65379 4.64222 4.63069 4.61922 4.60779 4.5964 4.58507 4.57379 4.56256 4.55138 4.54026 4.5292 4.51819 4.50723 4.49634 4.48551 4.47474 4.46404 4.4534 4.44282 4.43231 4.42187 4.4115 4.4012 4.39097 4.38082 4.37074 4.36074 4.35081 4.34096 4.3312 4.32151 4.31182 0 0 0 0 0 0 0 0 0 0 0 0 0 0 0 0 0 0 0 0 0 0 0 0 0 0 0 0 0 0 0 0 0 0 0 0 0 0 0 0 0 0 0 0 0 0 0 0 0 0 0 0 0 0 0 
4.89898 4.88715 4.87541 4.86371 4.85203 4.84039 4.82878 4.81721 4.80568 4.79418 4.78272 4.7713 4.75992 4.74858 4.73728 4.72602 4.71481 4.70364 4.69252 4.68145 4.67042 4.65944 4.64852 4.63764 4.62682 4.61604 4.60533 4.59467 4.58406 4.57352 4.56303 4.5526 4.54223 4.53193 4.52169 4.51151 4.5014 4.49136 4.48138 4.47148 4.46164 4.45188 4.44219 4.43257 4.42303 4.41357 4.40409 0 0 0 0 0 0 0 0 0 0 0 0 0 0 0 0 0 0 0 0 0 0 0 0 0 0 0 0 0 0 0 0 0 0 0 0 0 0 0 0 0 0 0 0 0 0 0 0 0 0 0 0 0 
5 4.98842 4.97692 4.96546 4.95402 4.94262 4.93125 4.91991 4.9086 4.89733 4.8861 4.8749 4.86374 4.85261 4.84153 4.83048 4.81948 4.80852 4.7976 4.78672 4.77589 4.7651 4.75436 4.74366 4.73302 4.72242 4.71187 4.70137 4.69093 4.68054 4.6702 4.65992 4.64969 4.63952 4.62941 4.61936 4.60937 4.59944 4.58957 4.57977 4.57003 4.56035 4.55074 4.5412 4.53173 4.52233 4.513 4.50374 4.49447 0 0 0 0 0 0 0 0 0 0 0 0 0 0 0 0 0 0 0 0 0 0 0 0 0 0 0 0 0 0 0 0 0 0 0 0 0 0 0 0 0 0 0 0 0 0 0 0 0 0 0 
5.09902 5.08767 5.07641 5.06517 5.05396 5.04278 5.03163 5.02051 5.00942 4.99836 4.98734 4.97635 4.9654 4.95448 4.9436 4.93275 4.92194 4.91117 4.90044 4.88975 4.8791 4.8685 4.85793 4.84741 4.83694 4.82651 4.81612 4.80578 4.7955 4.78526 4.77506 4.76492 4.75484 4.7448 4.73482 4.72489 4.71502 4.7052 4.69544 4.68574 4.6761 4.66652 4.657 4.64754 4.63815 4.62881 4.61955 4.61035 4.60121 4.59215 4.58307 0 0 0 0 0 0 0 0 0 0 0 0 0 0 0 0 0 0 0 0 0 0 0 0 0 0 0 0 0 0 0 0 0 0 0 0 0 0 0 0 0 0 0 0 0 0 0 0 0 
5.19615 5.18503 5.17397 5.16295 5.15195 5.14098 5.13004 5.11913 5.10824 5.09739 5.08657 5.07578 5.06502 5.0543 5.04361 5.03295 5.02233 5.01174 5.0012 4.99068 4.98021 4.96978 4.95938 4.94903 4.93872 4.92845 4.91822 4.90804 4.8979 4.8878 4.87776 4.86775 4.8578 4.8479 4.83804 4.82824 4.81848 4.80878 4.79913 4.78953 4.77999 4.77051 4.76108 4.75171 4.74239 4.73314 4.72394 4.7148 4.70573 4.69672 4.68777 4.67889 4.66999 0 0 0 0 0 0 0 0 0 0 0 0 0 0 0 0 0 0 0 0 0 0 0 0 0 0 0 0 0 0 0 0 0 0 0 0 0 0 0 0 0 0 0 0 0 0 0 
5.2915 5.28058 5.26974 5.25891 5.24812 5.23734 5.2266 5.21588 5.20519 5.19453 5.1839 5.1733 5.16273 5.15219 5.14168 5.1312 5.12076 5.11035 5.09998 5.08964 5.07933 5.06906 5.05883 5.04864 5.03848 5.02837 5.01829 5.00826 4.99826 4.98831 4.9784 4.96853 4.95871 4.94894 4.9392 4.92952 4.91988 4.91029 4.90075 4.89126 4.88182 4.87243 4.8631 4.85381 4.84458 4.83541 4.82628 4.81722 4.80821 4.79926 4.79037 4.78153 4.77276 4.76404 4.75532 0 0 0 0 0 0 0 0 0 0 0 0 0 0 0 0 0 0 0 0 0 0 0 0 0 0 0 0 0 0 0 0 0 0 0 0 0 0 0 0 0 0 0 0 0 
5.38516 5.37444 5.36379 5.35316 5.34255 5.33197 5.32141 5.31088 5.30037 5.28989 5.27944 5.26902 5.25863 5.24826 5.23793 5.22762 5.21735 5.20711 5.1969 5.18672 5.17658 5.16647 5.15639 5.14635 5.13635 5.12638 5.11645 5.10655 5.0967 5.08689 5.07711 5.06738 5.05768 5.04803 5.03842 5.02886 5.01933 5.00986 5.00043 4.99104 4.9817 4.97241 4.96316 4.95397 4.94482 4.93573 4.92669 4.91769 4.90875 4.89987 4.89104 4.88226 4.87354 4.86487 4.85626 4.84771 4.83915 0 0 0 0 0 0 0 0 0 0 0 0 0 0 0 0 0 0 0 0 0 0 0 0 0 0 0 0 0 0 0 0 0 0 0 0 0 0 0 0 0 0 0 
